1005
1023
1035
1051
1065
1109
1113
1117
4015
5011
5015
5019
5025
5063
5067
5091
5139
6001
6003
6023
6033
6037
6057
6081
6085
6115
8013
8029
8059
8091
9009
11001
12009
12039
12055
12065
12073
12107
12117
12123
12133
13009
13013
13027
13073
13103
13149
13179
13189
13205
13229
13267
13291
13305
13319
16015
16025
16033
16039
16041
16043
16061
16085
17003
17031
17043
17097
17115
17161
17197
18027
18061
18123
18147
18157
19041
19045
19111
19135
20025
20067
20095
20199
21007
21017
21031
21065
21069
21099
21125
21127
21131
21151
21179
21189
21195
21217
21239
22011
22013
22021
22029
22033
22069
22075
22077
22083
22087
22099
23015
24003
24033
24043
25011
25017
26099
26135
26147
26153
27053
27077
27089
27101
27129
27139
28007
28105
28143
28163
29023
29029
29031
29033
29157
29189
29199
29207
30013
30015
30023
30029
30047
30057
30077
30087
30105
31059
31113
31171
34007
34013
34019
34023
34041
35021
35051
36013
36019
36029
36043
36053
36065
36077
36081
36115
37027
37055
37059
37069
37083
37087
37093
37111
37121
37127
37155
37175
37199
38037
38085
38099
38105
39035
39039
39043
39125
40065
40079
40145
41005
41021
41035
41039
41043
41045
41051
41055
42035
42059
42063
42067
42091
42111
45005
45021
45025
45045
45049
45053
45063
45091
46093
46095
46103
47005
47013
47019
47029
47033
47049
47081
47097
47121
47149
47159
48007
48025
48035
48067
48083
48091
48103
48139
48151
48167
48213
48241
48245
48261
48333
48347
48361
48371
48403
48427
48457
48469
48471
48475
48477
48479
48499
49001
49003
49025
49029
49035
49043
51001
51015
51037
51053
51069
51109
51125
51145
51161
51185
51790
53005
53007
53009
53015
53037
53043
53065
54005
54017
54039
54045
54047
54067
54081
54107
55113
56029
56039
56045
1049
1069
1087
1091
1095
1101
1115
1119
1121
1131
4005
4009
4012
4013
4027
5003
5007
5061
5075
5093
5095
5103
5117
5131
5133
5147
6045
6051
6065
6069
6079
6083
6101
6107
8019
8023
8031
8055
19027
19075
19137
19157
19163
20017
20055
20143
21005
21011
21025
21029
21043
21049
21071
21085
21095
21105
21109
21119
21121
21135
21153
21159
21167
21177
21181
21193
21231
22035
22039
22053
22055
22067
22079
22103
22111
22127
23007
23017
23027
23031
24001
24005
24017
24021
24031
24041
24045
25005
25023
25025
26033
26063
26083
26097
26115
8093
8105
8113
9001
9007
10005
12001
12017
12033
12041
12047
12071
12086
12093
12097
13021
13029
13039
13051
13077
13133
13137
13143
13157
13163
13171
13181
13185
13195
13221
13237
13245
13251
13269
13283
51007
13303
13309
13313
13317
16005
16073
16077
16081
16083
17017
17027
17047
17109
17129
17175
17185
18009
18035
18067
18083
18159
18179
35055
36025
36105
36119
36123
37013
37017
37023
37057
37061
37065
37075
37085
37089
37119
37129
37133
37137
37143
37149
37153
37161
37167
38005
38033
38053
38059
38067
38071
38077
39061
39095
39137
39175
40013
40027
40057
40067
40075
40087
40095
40125
40135
27011
27027
27031
27061
27073
27075
27085
27097
27127
27171
28011
28029
28039
28055
28083
28087
28103
28121
28141
28149
28151
29041
29069
29099
29113
29159
29183
29195
29201
30011
30027
30031
30045
30049
30055
30059
30073
30085
30099
31069
31103
31151
32001
32015
32027
33007
33015
33017
34001
34015
34021
34029
35031
35039
48425
48443
48449
48453
48459
48473
48491
49045
49047
49051
50017
51003
51009
51017
51023
51033
51047
51073
51077
51095
51097
51107
51111
51121
51127
51139
51163
51175
51179
51191
51195
53049
53057
53061
53077
54003
54007
54019
54027
54037
54041
54043
54057
54065
54071
54075
54093
54099
55007
55023
55051
55057
55107
55121
56003
56013
1041
1071
4001
5001
5017
5029
5041
5145
6007
6095
8035
8051
12079
12125
13001
13049
13079
13107
41007
41017
41019
42003
42033
42041
42045
42051
42061
42071
42089
42099
42127
42133
44009
45003
45007
45017
45035
45041
45051
45055
45069
45073
45079
45083
46009
46041
46057
46075
46127
47003
47021
47031
47035
47037
47059
47065
47089
47107
47123
47127
47143
47155
47157
47165
47185
47189
48005
48029
48033
48037
48051
48061
48087
48105
48119
48185
48211
48223
48225
48229
48239
48263
48311
48315
48321
48339
48349
48373
48377
48383
48407
55001
55029
56025
5081
6009
8097
13127
16049
18125
21055
22017
29019
30005
36063
40089
41023
44005
46117
47091
48313
51117
53027
54059
20071
21067
22043
8057
10001
12075
13075
37051
37139
27103
28089
30007
30093
51087
51199
54095
42031
42113
45061
47045
48343
1025
1047
5073
6011
6053
6099
8111
12045
12121
13261
13311
16029
16079
18021
18175
19035
20033
20149
21027
21147
22005
22025
22037
22109
22123
24029
24047
25027
26089
26141
27173
28057
28109
29027
30033
30063
31007
32031
34031
35017
36009
36061
37015
37101
37125
37131
38097
40003
40113
40133
41015
42101
45027
45047
45057
45087
47025
47053
47079
47105
48089
48135
48175
48323
48379
48391
48411
49007
49019
51029
51061
51141
51167
51193
53045
53073
54025
12029
12057
12089
13025
13201
13265
13289
16059
16087
18053
36017
37019
37047
37147
37173
39167
40023
27051
27137
28021
28053
28137
30003
30061
30089
31009
32003
32033
34035
50027
51027
51057
51119
51149
53067
54109
5057
6071
10003
41003
42055
44007
45031
45065
47055
47117
47147
48015
48043
48071
48173
48277
48301
48387
21203
30009
1033
4007
5039
6015
8043
8107
12013
12069
12103
12129
13033
16003
16035
17153
18071
18113
21003
21107
21235
13215
13263
13301
16013
16031
17125
18007
18051
20083
20203
21079
21123
21209
22065
22105
23025
24037
29227
30043
30081
33009
34027
36075
37145
37193
39021
40141
41031
41047
45029
45071
46085
47057
47145
47183
48041
48079
48419
48495
49023
51021
51103
51157
53019
53075
54083
55011
56033
1073
1129
4025
6063
6089
8005
20133
20161
21033
21097
21133
21187
22045
22073
24011
48455
49033
51019
51067
51105
51143
53071
54033
55037
55075
1099
8027
12113
42017
46023
47093
47167
48023
48057
48201
48401
12083
35029
6093
23003
12105
20093
22107
26055
36111
37183
42129
51059
1013
1015
22057
24023
26071
27067
27167
28051
29013
29037
30053
35033
38003
40055
40117
42043
42097
45015
45067
47009
47129
47187
48157
48207
48327
49017
51093
53021
1059
4021
5069
5107
6041
6077
8001
19081
21101
21183
21221
22059
23023
26029
8117
12007
13031
13113
13151
13191
17189
18145
36113
37031
37113
38035
39123
40101
27069
27107
27145
28049
29171
30075
32011
34033
4011
4023
5005
5009
5043
5049
5053
5077
1017
1021
1027
1029
1037
1039
1061
1075
1093
1103
1133
8021
8039
8073
8083
8101
8121
8125
9005
9013
5101
5105
5115
5129
5135
6013
6021
6025
6061
6031
6035
6109
6075
8003
8015
13063
13069
13083
13093
13111
13117
12035
12059
12087
12109
12111
12115
13003
13023
13037
13053
13059
16019
16023
16027
16037
16045
16051
16065
16075
17005
17011
13145
13159
13169
13197
13233
13239
13243
13257
13287
13295
16009
17145
17149
17159
17173
17177
17183
17187
18003
18031
18037
18041
18055
18065
18075
17015
17021
17029
17053
17059
17063
17067
17073
17091
17107
17121
17131
17135
18143
18171
18177
18181
19001
19007
19017
19025
19049
19055
19073
19079
19083
18085
18091
18095
18097
18099
18101
18109
18111
18115
18119
18121
18129
18133
20087
20089
20091
20097
20101
20105
20109
20111
20113
20125
20131
19097
19103
19117
19127
19131
19141
19159
19165
19169
19175
19189
20001
20009
20015
20029
20043
20049
20053
20057
20063
20073
20077
20085
37179
37189
21227
22003
28091
28095
28115
31065
31071
31081
38007
38023
38027
38045
38051
22023
22031
22041
28129
28133
28153
28159
28161
31089
31095
31109
38061
38065
22047
22071
22081
22095
22119
29001
29005
29009
31119
31123
31133
31137
38089
38095
38101
38103
23011
23021
24009
24019
25003
29011
29017
29021
31153
31161
31167
39001
39007
39009
25007
25021
26017
26023
26027
29035
29047
29061
29067
31177
32009
32013
39019
39025
39053
26037
26051
26061
29077
29081
29085
32023
32510
33003
39131
39135
39155
39159
26065
26075
26079
26095
26119
29105
29109
29119
33013
34037
39013
39017
26131
26133
26143
26149
29125
29133
29149
35003
35037
35047
39067
39097
39107
39121
26155
26159
26165
27001
29167
29173
29177
35057
35061
36033
36051
39073
39077
39083
39091
27005
27019
27029
29203
29223
29510
30019
36057
36067
36069
20159
20169
20175
20183
20189
20193
27033
27043
27071
30067
30095
30101
36073
36079
36097
21013
21021
21041
27081
27091
27095
27109
27125
31003
31023
31029
31031
36107
36121
37141
21045
21075
21083
27133
27153
27157
28013
31035
31037
31039
31041
37001
37007
21103
21113
21141
28023
28037
28041
31047
31051
37025
37035
21137
21171
28047
28067
31053
31055
37097
37169
21199
21213
28071
28075
28085
41011
41025
47139
47153
51075
41027
41049
47169
47177
48017
51079
51135
41059
42001
48045
48049
48069
48093
51197
51540
51570
42011
42019
42053
48097
48107
48113
51610
51630
51685
51720
51740
42073
42083
42105
42115
42121
48127
48131
48143
48145
48149
48161
48163
51810
51830
53013
53029
53035
53041
44001
45001
48165
48179
48183
48189
48221
53051
53059
54011
54015
45039
48227
48231
48251
54049
54073
45081
46005
46011
48275
48279
48285
48303
54097
54101
55005
46015
46035
46039
46049
48309
48337
48355
55015
55021
55025
20141
39163
39169
40007
46059
46063
46073
46077
46087
48365
48385
48399
48423
55039
55059
55067
40017
40021
46089
46097
46099
46107
48441
48451
48481
48485
55073
55077
55085
55089
40031
40035
40041
46109
46111
46121
48489
48497
48507
55105
55119
55123
40045
40069
40093
46125
47039
49009
49021
49027
50009
55127
56001
56005
56015
40103
40107
47043
50019
50025
56019
56041
56043
40121
40127
47087
47101
51011
51025
51153
51181
40131
40151
47115
47125
51043
51049
13035
13055
8047
19015
19019
19033
21129
21143
13057
13065
19039
19043
19051
19053
21149
21173
13067
13081
16021
21093
1053
19057
19071
19077
21201
21211
13085
13089
22001
22085
26109
1057
1067
19085
19091
19095
19099
21225
22049
13095
13099
1077
1083
19119
19129
22089
22121
23019
13101
13109
12023
26103
47063
1111
1125
19133
19149
25013
26001
13115
13123
19153
19167
19171
26005
26009
13125
13129
4003
4017
5021
5023
19177
19181
19185
19187
6019
8077
12095
26011
26021
13161
13167
5031
5037
5047
20021
20023
20027
20035
12119
13183
26043
26049
13177
54001
21205
53047
21165
12031
5051
5055
20041
20177
26081
27007
8089
5065
5071
20197
20209
9003
9015
5079
5083
21015
21019
12011
12015
5089
5123
21039
12021
12063
5127
5137
21047
21077
12067
12081
5141
6049
6087
6103
6111
8009
8011
21081
21087
12099
13011
1001
8014
8017
8041
37185
37187
21035
21053
21073
21169
16067
16071
18077
18127
18131
18139
37191
38001
21191
21207
21219
22093
17009
17013
18141
18149
18155
38009
38011
38015
23009
24015
24025
24035
25001
25009
26015
26025
26035
17019
17023
17033
18163
18165
18169
38019
39071
39079
26039
26059
26067
26073
26087
17037
17045
17051
18173
19003
19009
19013
39085
39089
39099
26091
26093
26101
26117
17055
17061
35049
35059
36003
38021
38039
38043
38047
26121
8061
8075
8081
17069
17071
17079
17081
36007
36011
38049
38063
38081
38087
8085
8099
8103
8109
8119
12027
17093
17095
17099
36015
36021
39027
39031
39033
39037
12051
12061
13015
13043
17103
17105
17123
36027
36039
39041
39057
39065
39069
13047
13187
17127
17137
17141
36041
36093
19023
19063
19067
19101
13199
13207
27023
28157
29143
17147
17151
17157
17165
36095
36099
19105
19109
19113
19139
19143
13211
13225
30039
35007
36091
17167
17179
36109
37003
19191
19195
20007
20013
20047
13235
13249
13255
17181
17191
17195
37005
37033
20051
20059
20065
20069
20119
20123
13259
13273
17203
18001
18005
18015
37037
37041
37123
37163
20127
20129
20137
20139
20147
13285
13293
18019
18023
18033
37117
37071
37081
20151
20157
20163
20167
20173
13297
18039
18043
18045
37171
40073
42005
45043
47041
48055
48155
20181
20185
20201
20205
21001
16001
16057
16063
18049
18057
18059
18069
18073
37177
37181
12019
12101
40081
40085
29117
29141
29145
51045
51071
13193
40153
40091
40105
40111
29147
29165
6073
21115
21229
51115
51169
41009
41071
40115
40119
29219
30065
51173
51550
42007
42009
40123
40129
30103
30107
51680
51710
42013
42021
40143
40149
31015
51770
51800
42037
42065
27035
27045
31019
31021
53001
53063
42069
42079
27049
27055
31121
31127
54055
54061
42081
42107
27123
27135
31141
31149
54089
55009
42119
44003
27141
27155
32007
32029
55013
55031
45011
45023
27169
28005
33001
33005
55041
55065
39105
39143
39147
28019
28025
34039
35001
55071
55079
39151
39153
28059
28063
35006
35013
55091
55093
39165
40001
40005
28065
28125
35028
48439
55101
55103
40009
40019
40033
28127
28135
53031
54087
1063
48487
49041
48395
49013
51099
56017
1019
40037
40039
28155
29051
50007
50013
1123
6029
40061
40071
29097
29107
5013
5099
48331
48335
48345
48353
48363
28107
28113
28117
28145
29039
51640
51670
51683
51735
47071
47075
48367
48369
48381
48393
48397
12037
13105
13217
29059
29063
29065
29075
29079
51750
51840
55003
55017
55019
47083
47095
47099
54053
54077
55053
29083
29093
29111
29121
55033
55045
55047
47103
47109
55081
55115
55135
20075
29131
29135
29151
55061
55087
55097
55125
47113
47131
20145
21185
26123
26137
28003
29169
29175
29185
29205
29211
55129
55131
55139
55141
56007
47137
47161
55137
29215
29221
29225
30017
56011
56021
56027
56035
56037
1007
47171
47179
30021
30025
30037
30051
30079
30097
1031
5111
6017
8007
8063
8087
47181
48009
48019
6091
13007
13247
30109
31001
31011
31067
8115
12049
13165
42047
42117
48027
48047
48053
48075
17077
17201
19059
31077
31083
31091
31093
31101
42123
45037
45085
46007
46013
48077
48081
48085
39103
39117
39119
39127
31111
31115
31125
31135
31139
46017
46019
46027
48109
48111
48115
48123
48171
48177
48195
39129
39133
39157
39171
31145
31163
31169
31173
46033
46037
46043
46047
48181
40043
40047
40053
27017
27041
31175
31179
31183
32017
32021
34025
46051
46065
48197
48205
48209
27059
27065
27083
27093
27099
35005
35009
35015
35035
46071
46079
48219
48233
48247
48249
48253
22113
26053
8071
27113
27117
27121
27131
27151
48415
48421
48429
48431
48445
48483
48493
46081
47007
48257
48267
48271
27159
27161
28031
28035
28043
50003
50023
51013
51063
51081
51133
51147
51159
51165
47017
47027
47047
48283
48291
48295
48297
48305
28069
28073
28077
28097
28101
51510
51530
51580
51600
51620
47061
47069
48307
48325
51590
54051
28015
50021
46069
29043
29071
13231
13321
54079
55027
55055
1127
4019
29155
29186
17057
17085
55083
13017
42131
5033
5125
33019
36083
46137
47151
48039
17119
17143
41069
42109
8025
12005
37045
37073
18025
18153
46031
46135
13045
13087
37105
39015
36085
36117
47023
47175
13253
16017
39029
39145
37079
37109
41067
45033
16055
17025
41029
41041
37197
38029
53023
1011
17083
17111
41053
42025
38057
39081
1079
13097
29197
30083
34011
17169
17193
42077
46053
39113
39141
13155
13281
20005
20103
46102
47077
37009
37115
29087
40051
40109
31017
48505
21091
21233
48147
48159
27025
27079
55063
22061
26031
41065
42103
45059
50005
51089
27111
29045
1081
24510
49037
51041
13135
26105
26125
8123
13061
29073
29127
31107
13299
17089
26151
27115
13091
13119
31131
49031
17133
36089
27143
28027
13147
13175
49055
51183
38025
40099
28045
29003
46101
46119
47015
48259
12091
13005
35053
38083
39051
40077
21037
21161
47111
48137
48153
48169
17117
17139
18047
18093
40139
27165
28079
28111
29103
22007
22027
26007
26085
48217
48255
18105
18117
18137
18167
19011
29161
29179
29209
31079
26139
26157
48299
55133
19065
19121
19151
19179
20031
20081
31159
35019
51690
51820
13223
27009
27057
27105
27149
20121
20179
21061
23005
23029
26113
42085
46003
46061
48101
48191
48243
48329
28017
28061
28099
28147
29007
48375
48461
49005
49053
51065
51520
26129
26161
27063
27087
28139
48359
20207
31073
5097
29025
29053
29091
29139
51700
53003
29015
29101
29153
29213
16011
17035
17101
29181
31013
31027
53039
54035
30091
31033
31057
31097
18013
18087
18151
19031
19087
31043
31061
31099
55049
55095
31105
31129
31157
31185
35041
19155
20019
20079
31143
32005
35025
28123
29115
31063
31181
36037
36049
38013
38041
20107
20155
21223
13131
36005
36055
37151
38079
39023
39139
38069
39005
39059
39075
13173
16047
36101
37063
42015
48021
48129
48193
19037
39115
40025
40059
40083
17001
17039
17087
37107
38031
38075
19123
20011
20195
21157
26057
13153
46025
46091
46129
48031
48059
17163
38093
39003
39063
39101
18011
18135
39109
40015
48117
48237
48265
48293
48465
48503
49039
51083
18089
18107
18161
19021
39149
40011
40049
40097
29055
29137
31165
48463
51595
51678
53053
53069
8095
12003
19069
19107
19145
19193
41063
42039
54009
55069
46055
47119
48013
48099
17171
17199
18081
18183
20039
20099
20115
20165
42087
46021
46067
25019
35027
39049
39111
16053
17041
17075
50011
51187
39173
41057
18029
19005
51650
54105
46083
46105
48133
36001
36035
55117
5087
47067
48121
48269
48389
37067
39093
42057
42093
48447
48501
50001
51660
53055
27037
47011
54029
54091
55035
55099
28093
29089
47051
47133
31155
33011
48281
55109
21117
39087
5035
8045
19047
51760
22019
19125
19161
19197
20045
27003
29163
20117
21023
29217
30111
21057
21111
25015
1045
1105
31025
31147
26069
26111
8079
5027
5059
32019
34017
12043
12085
13071
5143
19061
36023
36087
37011
13227
13275
13307
21009
21163
37077
37135
39045
13277
17049
18079
48141
48289
48413
49015
51036
51131
53025
54021
54103
1107
5109
6059
6113
20171
48287
1043
22115
48433
34009
1085
16007
21175
36071
42049
48125
34005
55111
47085
37029
6105
16069
37021
19093
27039
28081
29129
31045
21197
8065
9011
12053
13139
13213
13279
17065
36031
37043
37099
39047
27013
27147
48341
8033
48417
26013
38055
51171
22097
35023
40137
46115
48437
23001
30001
30069
35045
51051
51137
51730
54031
54085
55078
56031
42027
42095
45013
45089
26127
26145
28119
29095
31049
47141
48001
48063
48187
48273
48405
26003
5119
13241
27021
51101
1009
8067
21089
22091
27015
31075
35043
37159
45009
47163
48409
53011
31085
38091
39011
41037
30035
48435
42023
6039
13219
21051
26047
42125
5085
21063
24039
45075
6027
48003
27119
36059
48065
24027
46045
56009
39161
51091
20153
20191
21145
17113
17155
18063
37157
37195
38073
39055
40029
40063
5113
40147
28009
28131
29049
29123
19029
19089
19115
19147
19173
29187
29229
30041
31005
31087
20003
20037
20061
20187
31117
1003
1089
5121
6005
6067
8053
12131
13121
13209
13315
18017
18103
21155
22009
22051
24013
28033
21215
22101
23013
26019
26045
29057
34003
35011
36045
37049
37095
37165
41033
41061
42075
47001
47173
48073
48199
48317
26077
26107
51775
54069
49011
49049
51085
51177
53017
54063
55043
5045
6055
6097
8037
21059
21139
22117
12077
36103
37053
37091
28001
49057
51031
51155
54013
56023
41013
48095
48319
48357
6043
13019
22015
47135
48351
51005
53033
48467
54023
48215
51113
8069
48235
48203
51035
1097
1055
5149
6047
8049
12127
13141
19183
27047
46029
50015
17007
13271
20135
21237
22063
22125
26041
26163
27163
30071
36047
37039
37103
38017
41001
42029
45019
45077
46123
47073
48011
